% time	cellId	Interference
0.121929	1	9.433e-17 9.433e-17 9.433e-17 9.433e-17 9.433e-17 9.433e-17 9.433e-17 9.433e-17 9.433e-17 9.433e-17 9.433e-17 9.433e-17 9.433e-17 9.433e-17 9.433e-17 9.433e-17 9.433e-17 9.433e-17 9.433e-17 9.433e-17 9.433e-17 9.433e-17 9.433e-17 9.433e-17 9.433e-17 
0.121929	2	9.433e-17 9.433e-17 9.433e-17 9.433e-17 9.433e-17 9.433e-17 9.433e-17 9.433e-17 9.433e-17 9.433e-17 9.433e-17 9.433e-17 9.433e-17 9.433e-17 9.433e-17 9.433e-17 9.433e-17 9.433e-17 9.433e-17 9.433e-17 9.433e-17 9.433e-17 9.433e-17 9.433e-17 9.433e-17 
0.221929	1	9.433e-17 9.433e-17 9.433e-17 9.433e-17 9.433e-17 9.433e-17 9.433e-17 9.433e-17 9.433e-17 9.433e-17 9.433e-17 9.433e-17 9.433e-17 9.433e-17 9.433e-17 9.433e-17 9.433e-17 9.433e-17 9.433e-17 9.433e-17 9.433e-17 9.433e-17 9.433e-17 9.433e-17 9.433e-17 
0.221929	2	9.433e-17 9.433e-17 9.433e-17 9.433e-17 9.433e-17 9.433e-17 9.433e-17 9.433e-17 9.433e-17 9.433e-17 9.433e-17 9.433e-17 9.433e-17 9.433e-17 9.433e-17 9.433e-17 9.433e-17 9.433e-17 9.433e-17 9.433e-17 9.433e-17 9.433e-17 9.433e-17 9.433e-17 9.433e-17 
0.321929	1	9.433e-17 9.433e-17 9.433e-17 9.433e-17 9.433e-17 9.433e-17 9.433e-17 9.433e-17 9.433e-17 9.433e-17 9.433e-17 9.433e-17 9.433e-17 9.433e-17 9.433e-17 9.433e-17 9.433e-17 9.433e-17 9.433e-17 9.433e-17 9.433e-17 9.433e-17 9.433e-17 9.433e-17 9.433e-17 
0.321929	2	9.433e-17 9.433e-17 9.433e-17 9.433e-17 9.433e-17 9.433e-17 9.433e-17 9.433e-17 9.433e-17 9.433e-17 9.433e-17 9.433e-17 9.433e-17 9.433e-17 9.433e-17 9.433e-17 9.433e-17 9.433e-17 9.433e-17 9.433e-17 9.433e-17 9.433e-17 9.433e-17 9.433e-17 9.433e-17 
0.421929	1	9.433e-17 9.433e-17 9.433e-17 9.433e-17 9.433e-17 9.433e-17 9.433e-17 9.433e-17 9.433e-17 9.433e-17 9.433e-17 9.433e-17 9.433e-17 9.433e-17 9.433e-17 9.433e-17 9.433e-17 9.433e-17 9.433e-17 9.433e-17 9.433e-17 9.433e-17 9.433e-17 9.433e-17 9.433e-17 
0.421929	2	9.433e-17 9.433e-17 9.433e-17 9.433e-17 9.433e-17 9.433e-17 9.433e-17 9.433e-17 9.433e-17 9.433e-17 9.433e-17 9.433e-17 9.433e-17 9.433e-17 9.433e-17 9.433e-17 9.433e-17 9.433e-17 9.433e-17 9.433e-17 9.433e-17 9.433e-17 9.433e-17 9.433e-17 9.433e-17 
0.521929	1	9.433e-17 9.433e-17 9.433e-17 9.433e-17 9.433e-17 9.433e-17 9.433e-17 9.433e-17 9.433e-17 9.433e-17 9.433e-17 9.433e-17 9.433e-17 9.433e-17 9.433e-17 9.433e-17 9.433e-17 9.433e-17 9.433e-17 9.433e-17 9.433e-17 9.433e-17 9.433e-17 9.433e-17 9.433e-17 
0.521929	2	9.433e-17 9.433e-17 9.433e-17 9.433e-17 9.433e-17 9.433e-17 9.433e-17 9.433e-17 9.433e-17 9.433e-17 9.433e-17 9.433e-17 9.433e-17 9.433e-17 9.433e-17 9.433e-17 9.433e-17 9.433e-17 9.433e-17 9.433e-17 9.433e-17 9.433e-17 9.433e-17 9.433e-17 9.433e-17 
0.621929	1	9.433e-17 9.433e-17 9.433e-17 9.433e-17 9.433e-17 9.433e-17 9.433e-17 9.433e-17 9.433e-17 9.433e-17 9.433e-17 9.433e-17 9.433e-17 9.433e-17 9.433e-17 9.433e-17 9.433e-17 9.433e-17 9.433e-17 9.433e-17 9.433e-17 9.433e-17 9.433e-17 9.433e-17 9.433e-17 
0.621929	2	9.433e-17 9.433e-17 9.433e-17 9.433e-17 9.433e-17 9.433e-17 9.433e-17 9.433e-17 9.433e-17 9.433e-17 9.433e-17 9.433e-17 9.433e-17 9.433e-17 9.433e-17 9.433e-17 9.433e-17 9.433e-17 9.433e-17 9.433e-17 9.433e-17 9.433e-17 9.433e-17 9.433e-17 9.433e-17 
0.721929	1	9.433e-17 9.433e-17 9.433e-17 9.433e-17 9.433e-17 9.433e-17 9.433e-17 9.433e-17 9.433e-17 9.433e-17 9.433e-17 9.433e-17 9.433e-17 9.433e-17 9.433e-17 9.433e-17 9.433e-17 9.433e-17 9.433e-17 9.433e-17 9.433e-17 9.433e-17 9.433e-17 9.433e-17 9.433e-17 
0.721929	2	9.433e-17 9.433e-17 9.433e-17 9.433e-17 9.433e-17 9.433e-17 9.433e-17 9.433e-17 9.433e-17 9.433e-17 9.433e-17 9.433e-17 9.433e-17 9.433e-17 9.433e-17 9.433e-17 9.433e-17 9.433e-17 9.433e-17 9.433e-17 9.433e-17 9.433e-17 9.433e-17 9.433e-17 9.433e-17 
0.821929	1	9.433e-17 9.433e-17 9.433e-17 9.433e-17 9.433e-17 9.433e-17 9.433e-17 9.433e-17 9.433e-17 9.433e-17 9.433e-17 9.433e-17 9.433e-17 9.433e-17 9.433e-17 9.433e-17 9.433e-17 9.433e-17 9.433e-17 9.433e-17 9.433e-17 9.433e-17 9.433e-17 9.433e-17 9.433e-17 
0.821929	2	9.433e-17 9.433e-17 9.433e-17 9.433e-17 9.433e-17 9.433e-17 9.433e-17 9.433e-17 9.433e-17 9.433e-17 9.433e-17 9.433e-17 9.433e-17 9.433e-17 9.433e-17 9.433e-17 9.433e-17 9.433e-17 9.433e-17 9.433e-17 9.433e-17 9.433e-17 9.433e-17 9.433e-17 9.433e-17 
0.921929	1	9.433e-17 9.433e-17 9.433e-17 9.433e-17 9.433e-17 9.433e-17 9.433e-17 9.433e-17 9.433e-17 9.433e-17 9.433e-17 9.433e-17 9.433e-17 9.433e-17 9.433e-17 9.433e-17 9.433e-17 9.433e-17 9.433e-17 9.433e-17 9.433e-17 9.433e-17 9.433e-17 9.433e-17 9.433e-17 
0.921929	2	9.433e-17 9.433e-17 9.433e-17 9.433e-17 9.433e-17 9.433e-17 9.433e-17 9.433e-17 9.433e-17 9.433e-17 9.433e-17 9.433e-17 9.433e-17 9.433e-17 9.433e-17 9.433e-17 9.433e-17 9.433e-17 9.433e-17 9.433e-17 9.433e-17 9.433e-17 9.433e-17 9.433e-17 9.433e-17 
1.02193	1	9.433e-17 9.433e-17 9.433e-17 9.433e-17 9.433e-17 9.433e-17 9.433e-17 9.433e-17 9.433e-17 9.433e-17 9.433e-17 9.433e-17 9.433e-17 9.433e-17 9.433e-17 9.433e-17 9.433e-17 9.433e-17 9.433e-17 9.433e-17 9.433e-17 9.433e-17 9.433e-17 9.433e-17 9.433e-17 
1.02193	2	9.433e-17 9.433e-17 9.433e-17 9.433e-17 9.433e-17 9.433e-17 9.433e-17 9.433e-17 9.433e-17 9.433e-17 9.433e-17 9.433e-17 9.433e-17 9.433e-17 9.433e-17 9.433e-17 9.433e-17 9.433e-17 9.433e-17 9.433e-17 9.433e-17 9.433e-17 9.433e-17 9.433e-17 9.433e-17 
1.12193	1	9.433e-17 9.433e-17 9.433e-17 9.433e-17 9.433e-17 9.433e-17 9.433e-17 9.433e-17 9.433e-17 9.433e-17 9.433e-17 9.433e-17 9.433e-17 9.433e-17 9.433e-17 9.433e-17 9.433e-17 9.433e-17 9.433e-17 9.433e-17 9.433e-17 9.433e-17 9.433e-17 9.433e-17 9.433e-17 
1.12193	2	9.433e-17 9.433e-17 9.433e-17 9.433e-17 9.433e-17 9.433e-17 9.433e-17 9.433e-17 9.433e-17 9.433e-17 9.433e-17 9.433e-17 9.433e-17 9.433e-17 9.433e-17 9.433e-17 9.433e-17 9.433e-17 9.433e-17 9.433e-17 9.433e-17 9.433e-17 9.433e-17 9.433e-17 9.433e-17 
1.22193	1	9.433e-17 9.433e-17 9.433e-17 9.433e-17 9.433e-17 9.433e-17 9.433e-17 9.433e-17 9.433e-17 9.433e-17 9.433e-17 9.433e-17 9.433e-17 9.433e-17 9.433e-17 9.433e-17 9.433e-17 9.433e-17 9.433e-17 9.433e-17 9.433e-17 9.433e-17 9.433e-17 9.433e-17 9.433e-17 
1.22193	2	9.433e-17 9.433e-17 9.433e-17 9.433e-17 9.433e-17 9.433e-17 9.433e-17 9.433e-17 9.433e-17 9.433e-17 9.433e-17 9.433e-17 9.433e-17 9.433e-17 9.433e-17 9.433e-17 9.433e-17 9.433e-17 9.433e-17 9.433e-17 9.433e-17 9.433e-17 9.433e-17 9.433e-17 9.433e-17 
1.32193	1	9.433e-17 9.433e-17 9.433e-17 9.433e-17 9.433e-17 9.433e-17 9.433e-17 9.433e-17 9.433e-17 9.433e-17 9.433e-17 9.433e-17 9.433e-17 9.433e-17 9.433e-17 9.433e-17 9.433e-17 9.433e-17 9.433e-17 9.433e-17 9.433e-17 9.433e-17 9.433e-17 9.433e-17 9.433e-17 
1.32193	2	9.433e-17 9.433e-17 9.433e-17 9.433e-17 9.433e-17 9.433e-17 9.433e-17 9.433e-17 9.433e-17 9.433e-17 9.433e-17 9.433e-17 9.433e-17 9.433e-17 9.433e-17 9.433e-17 9.433e-17 9.433e-17 9.433e-17 9.433e-17 9.433e-17 9.433e-17 9.433e-17 9.433e-17 9.433e-17 
1.42193	1	9.433e-17 9.433e-17 9.433e-17 9.433e-17 9.433e-17 9.433e-17 9.433e-17 9.433e-17 9.433e-17 9.433e-17 9.433e-17 9.433e-17 9.433e-17 9.433e-17 9.433e-17 9.433e-17 9.433e-17 9.433e-17 9.433e-17 9.433e-17 9.433e-17 9.433e-17 9.433e-17 9.433e-17 9.433e-17 
1.42193	2	9.433e-17 9.433e-17 9.433e-17 9.433e-17 9.433e-17 9.433e-17 9.433e-17 9.433e-17 9.433e-17 9.433e-17 9.433e-17 9.433e-17 9.433e-17 9.433e-17 9.433e-17 9.433e-17 9.433e-17 9.433e-17 9.433e-17 9.433e-17 9.433e-17 9.433e-17 9.433e-17 9.433e-17 9.433e-17 
1.52193	1	9.433e-17 9.433e-17 9.433e-17 9.433e-17 9.433e-17 9.433e-17 9.433e-17 9.433e-17 9.433e-17 9.433e-17 9.433e-17 9.433e-17 9.433e-17 9.433e-17 9.433e-17 9.433e-17 9.433e-17 9.433e-17 9.433e-17 9.433e-17 9.433e-17 9.433e-17 9.433e-17 9.433e-17 9.433e-17 
1.52193	2	9.433e-17 9.433e-17 9.433e-17 9.433e-17 9.433e-17 9.433e-17 9.433e-17 9.433e-17 9.433e-17 9.433e-17 9.433e-17 9.433e-17 9.433e-17 9.433e-17 9.433e-17 9.433e-17 9.433e-17 9.433e-17 9.433e-17 9.433e-17 9.433e-17 9.433e-17 9.433e-17 9.433e-17 9.433e-17 
1.62193	1	9.433e-17 9.433e-17 9.433e-17 9.433e-17 9.433e-17 9.433e-17 9.433e-17 9.433e-17 9.433e-17 9.433e-17 9.433e-17 9.433e-17 9.433e-17 9.433e-17 9.433e-17 9.433e-17 9.433e-17 9.433e-17 9.433e-17 9.433e-17 9.433e-17 9.433e-17 9.433e-17 9.433e-17 9.433e-17 
1.62193	2	9.433e-17 9.433e-17 9.433e-17 9.433e-17 9.433e-17 9.433e-17 9.433e-17 9.433e-17 9.433e-17 9.433e-17 9.433e-17 9.433e-17 9.433e-17 9.433e-17 9.433e-17 9.433e-17 9.433e-17 9.433e-17 9.433e-17 9.433e-17 9.433e-17 9.433e-17 9.433e-17 9.433e-17 9.433e-17 
1.72193	1	9.433e-17 9.433e-17 9.433e-17 9.433e-17 9.433e-17 9.433e-17 9.433e-17 9.433e-17 9.433e-17 9.433e-17 9.433e-17 9.433e-17 9.433e-17 9.433e-17 9.433e-17 9.433e-17 9.433e-17 9.433e-17 9.433e-17 9.433e-17 9.433e-17 9.433e-17 9.433e-17 9.433e-17 9.433e-17 
1.72193	2	9.433e-17 9.433e-17 9.433e-17 9.433e-17 9.433e-17 9.433e-17 9.433e-17 9.433e-17 9.433e-17 9.433e-17 9.433e-17 9.433e-17 9.433e-17 9.433e-17 9.433e-17 9.433e-17 9.433e-17 9.433e-17 9.433e-17 9.433e-17 9.433e-17 9.433e-17 9.433e-17 9.433e-17 9.433e-17 
1.82193	1	9.433e-17 9.433e-17 9.433e-17 9.433e-17 9.433e-17 9.433e-17 9.433e-17 9.433e-17 9.433e-17 9.433e-17 9.433e-17 9.433e-17 9.433e-17 9.433e-17 9.433e-17 9.433e-17 9.433e-17 9.433e-17 9.433e-17 9.433e-17 9.433e-17 9.433e-17 9.433e-17 9.433e-17 9.433e-17 
1.82193	2	9.433e-17 9.433e-17 9.433e-17 9.433e-17 9.433e-17 9.433e-17 9.433e-17 9.433e-17 9.433e-17 9.433e-17 9.433e-17 9.433e-17 9.433e-17 9.433e-17 9.433e-17 9.433e-17 9.433e-17 9.433e-17 9.433e-17 9.433e-17 9.433e-17 9.433e-17 9.433e-17 9.433e-17 9.433e-17 
1.92193	1	9.433e-17 9.433e-17 9.433e-17 9.433e-17 9.433e-17 9.433e-17 9.433e-17 9.433e-17 9.433e-17 9.433e-17 9.433e-17 9.433e-17 9.433e-17 9.433e-17 9.433e-17 9.433e-17 9.433e-17 9.433e-17 9.433e-17 9.433e-17 9.433e-17 9.433e-17 9.433e-17 9.433e-17 9.433e-17 
1.92193	2	9.433e-17 9.433e-17 9.433e-17 9.433e-17 9.433e-17 9.433e-17 9.433e-17 9.433e-17 9.433e-17 9.433e-17 9.433e-17 9.433e-17 9.433e-17 9.433e-17 9.433e-17 9.433e-17 9.433e-17 9.433e-17 9.433e-17 9.433e-17 9.433e-17 9.433e-17 9.433e-17 9.433e-17 9.433e-17 
2.02193	1	9.433e-17 9.433e-17 9.433e-17 9.433e-17 9.433e-17 9.433e-17 9.433e-17 9.433e-17 9.433e-17 9.433e-17 9.433e-17 9.433e-17 9.433e-17 9.433e-17 9.433e-17 9.433e-17 9.433e-17 9.433e-17 9.433e-17 9.433e-17 9.433e-17 9.433e-17 9.433e-17 9.433e-17 9.433e-17 
2.02193	2	9.433e-17 9.433e-17 9.433e-17 9.433e-17 9.433e-17 9.433e-17 9.433e-17 9.433e-17 9.433e-17 9.433e-17 9.433e-17 9.433e-17 9.433e-17 9.433e-17 9.433e-17 9.433e-17 9.433e-17 9.433e-17 9.433e-17 9.433e-17 9.433e-17 9.433e-17 9.433e-17 9.433e-17 9.433e-17 
